*******************************************
Name: Lauren
Class: CS30S
Assignment: A1 Q1
*******************************************

3
42
21
39
32
40
23
45
22
23
45
47
32
21
15
26
16
3
33
6
35
44
39
28
32
6
37
19
27
15
10
44
24
20
3
19
15
3
22
24
23
30
47
48
27
13
49
9
36
7
39
18
50
47
39
31
38
23
10
11
40
17
23
29
3
22
2
27
41
1
25
17
15
18
9
11
38
23
2
30
31
45
6
6
27
28
4
50
6
7
32
27
24
12
42
17
30
2
8
35
16
48
23
8
26
25
26
25
2
41
36
12
6
28
14
34
45
30
46
44
32
20
42
8
11
5
27
22
45
28
39
16
4
10
15
21
33
42
31
12
22
1
11
35
39
26
24
18
46
31
25
10
25
25
26
50
38
21
46
38
3
17
10
32
4
12
8
6
8
39
30
6
14
31
10
19
37
43
24
46
49
34
36
2
29
35
36
15
25
42
16
42
18
39
14
44
50
10
35
40
11
7
3
3
11
13
16
8
3
44
49
16
26
18
7
13
2
44
17
9
14
45
21
25
3
29
19
25
8
23
31
42
11
11
10
18
40
10
7
29
16
2
1
35
33
6
6
16
14
9
3
24
21
12
35
16
35
14
24
44
50
33
27
44
3
12
20
6
49
50
12
7
18
7
45
31
13
39
11
25
50
47
18
35
3
45
9
40
25
2
31
5
31
41
48
33
6
38
42
42
8
28
29
41
22
33
3
22
6
20
50
12
32
48
44
17
32
45
23
19
3
29
27
2
32
38
32
47
4
33
26
20
15
17
8
45
25
23
24
9
25
14
41
36
50
47
1
23
37
13
43
48
17
28
28
39
19
41
8
41
16
7
23
11
17
42
43
4
41
31
8
20
41
13
7
41
8
8
40
20
4
47
4
32
41
2
39
10
4
38
34
12
18
3
9
31
45
18
27
40
37
30
43
21
30
15
43
11
27
25
44
45
45
15
40
27
50
14
22
36
33
46
2
36
33
29
19
25
9
49
23
35
39
34
11
44
40
13
5
38
17
28
1
14
20
34
37
4
4
35
29
28
22
36
4
16
31
45
47
15
4
39
45
29
2
28
47
19
10
49
1
4
12
9
26
4
29
14
46
21
42
11
49
48
19
11
7
49
40
21
5
4
37
18
49
18
32
12
18
23
10
27
6
27
7
8
10
39
15
15
6
5
50
39
13
42
15
7
47
49
27
2
50
50
3
28
41
23
31
12
13
43
38
41
30
13
20
8
21
43
28
11
34
1
24
1
15
32
28
2
29
35
30
39
16
48
37
23
48
18
3
45
42
49
31
19
3
31
13
48
20
6
2
26
20
34
13
22
48
20
48
33
45
30
14
27
12
24
19
31
42
17
15
6
50
31
41
18
23
37
17
45
44
5
43
23
46
25
11
26
44
5
37
34
1
26
29
11
37
45
48
28
42
34
28
8
47
44
23
46
13
28
34
28
46
2
36
11
6
30
22
19
34
18
50
31
7
8
40
7
48
38
21
23
15
43
42
45
42
25
28
38
46
37
39
38
49
36
4
16
43
39
26
22
19
5
17
50
30
42
13
22
2
26
32
14
44
11
43
5
46
12
21
42
25
11
1
39
13
48
41
6
3
29
20
27
1
42
30
40
10
24
15
3
47
21
32
41
15
34
24
8
39
32
2
28
32
38
15
38
19
48
44
41
43
43
14
4
29
46
5
5
37
47
31
39
40
29
45
19
2
45
12
48
43
48
43
47
41
44
46
21
2
9
24
21
10
19
39
35
8
6
46
3
43
19
32
29
13
30
7
17
30
27
12
1
12
25
38
12
30
46
36
3
15
21
15
13
24
41
20
46
16
27
25
50
6
8
23
6
15
50
6
16
42
43
4
44
32
48
12
39
27
22
24
39
41
50
2
23
31
49
14
10
41
34
29
48
10
38
35
35
9
14
48
12
28
24
18
40
38
10
49
48
46
45
25
41
22
18
12
47
15
7
2
13
19
39
9
12
30
3
43
15
28
3
19
48
19
27
7
27
38
12
24
25
4
25
30
21
5
42
16
20
20
40
6
27
2
23
3
23
16
42
40
43
7
20
27
45
46
48
38
32
2
25
6
6
38
14
8
34
42
37
42
39
41
34
6
50
19
26
13
30
3
26
26
46
9
30
41
9
7
48
49
36
15
9
19
13
44
29
26
40
10
26
5
41
23
40
27
4
12
1
1
28
19
12
8
24
30
49
5
32
45
50
15
11
39
5
13
7
18
29
34
27
39
21
43
48
21
50
35
5
32
36
42
36
18
50
end of processing :)
