34
24
4
31
43
14
25
23
44
29
10
33
3
21
30
6
41
10
40
15
46
34
39
5
43
27
26
35
13
46
4
25
24
50
30
39
20
32
40
21
24
18
46
45
45
15
15
39
11
50
30
2
45
4
16
9
6
41
30
7
21
24
25
8
15
40
30
5
36
15
28
2
19
42
27
46
34
6
8
19
26
37
8
3
25
6
28
42
15
42
15
33
29
1
28
33
11
40
21
27
14
18
19
9
34
44
7
45
28
14
19
14
40
32
29
8
6
50
44
20
21
7
26
29
27
6
14
35
13
15
43
13
5
32
29
28
49
15
14
49
43
25
32
9
24
38
15
36
37
35
49
12
46
14
35
47
38
27
3
2
19
26
5
4
1
34
45
2
31
46
24
30
29
24
8
16
47
44
32
34
33
23
18
45
41
40
38
22
34
30
11
12
45
10
4
8
5
30
22
16
25
10
37
48
8
35
47
46
26
45
37
47
35
22
37
12
39
10
23
28
3
26
2
44
50
23
48
3
26
27
39
42
40
41
17
48
30
29
10
46
36
11
37
50
28
32
48
50
40
18
35
2
35
11
35
36
28
50
47
45
20
6
25
40
12
36
50
4
35
42
12
42
31
33
8
36
17
1
49
26
45
2
16
23
15
18
39
19
14
23
13
42
3
17
39
34
18
11
11
37
31
4
17
3
29
18
27
26
26
4
11
39
6
39
4
11
33
25
41
4
48
3
26
43
30
26
23
40
14
30
40
42
33
35
50
10
12
5
20
33
48
17
7
31
41
49
42
32
5
31
13
37
4
28
7
32
26
35
2
9
23
33
38
25
17
47
28
41
33
43
14
40
14
20
1
16
8
7
2
21
6
43
21
17
33
15
10
43
37
4
14
34
48
42
19
8
33
18
40
19
40
25
15
49
27
7
49
10
43
31
19
15
18
26
3
19
15
34
24
32
43
49
42
23
37
13
29
40
30
15
50
23
10
42
33
30
50
50
20
41
15
12
44
45
35
14
42
40
24
39
31
12
30
36
8
23
16
17
23
27
4
45
11
6
48
48
34
41
12
39
18
3
32
30
49
1
36
36
14
1
10
12
41
7
28
2
34
21
33
18
10
19
38
5
37
33
48
30
40
8
31
28
26
38
22
13
4
44
18
49
45
11
40
22
24
4
8
32
15
48
18
27
6
12
29
1
42
29
11
5
8
15
38
41
9
20
20
17
11
47
42
43
24
47
47
44
15
38
47
45
1
45
47
8
49
14
7
34
38
34
34
13
6
14
21
44
28
5
16
22
5
33
42
50
40
46
3
38
27
17
49
1
46
49
30
5
33
20
25
36
2
29
7
37
9
36
34
32
19
46
22
29
11
42
46
17
23
4
44
50
26
29
33
14
15
36
50
23
47
2
18
29
43
20
20
23
10
26
11
22
31
17
46
35
21
41
6
47
1
47
9
16
23
50
31
31
8
25
22
29
29
11
8
44
49
35
42
24
37
34
49
11
34
1
28
5
24
18
1
44
16
8
1
29
23
15
2
21
41
50
14
10
38
41
41
2
27
32
47
48
39
18
49
2
30
39
45
18
14
18
38
29
11
14
44
27
39
11
3
26
46
38
27
50
24
5
19
3
24
23
20
23
25
14
21
32
32
45
21
19
40
7
28
11
15
45
21
33
19
19
27
29
29
7
37
10
32
28
6
37
46
9
11
19
29
14
3
25
7
29
3
37
37
41
16
27
8
47
8
15
37
27
4
31
42
22
10
31
46
41
42
49
48
25
12
44
26
11
43
44
25
38
49
12
8
49
30
39
33
9
31
6
39
8
7
41
15
8
10
40
12
6
19
23
32
50
38
37
15
2
36
16
26
2
29
40
25
27
39
46
31
7
33
33
12
49
33
26
7
41
43
25
16
34
22
19
13
33
29
39
14
3
38
18
2
48
41
25
36
49
21
12
31
6
50
16
10
6
35
29
11
35
39
22
26
26
33
35
39
21
3
13
20
35
25
16
29
30
31
45
41
35
49
49
11
25
5
21
39
11
23
47
29
50
21
10
46
31
41
22
32
12
38
34
26
12
29
33
29
8
36
32
29
35
36
18
13
16
10
35
13
48
23
19
4
13
14
23
36
50
24
18
36
11
47
43
6
46
28
13
28
6
30
15
23
26
46
40
24
6
34
42
13
38
5
28
17
47
35
22
35
22
33
34
32
4
36
7
9
16
5
9
41
22
43
22
42
18
10
23
22
49
28
23
21
38
16
21
48
16
end of processing :)
